BSS, VBS, LAT
configs: 40
Avg: 0.5434952681999998	0.5196879024000001	0.5887674399999999
bss[0.5435215800000001, 0.54231064, 0.53809982, 0.540790588, 0.54370598, 0.556447006, 0.5382181, 0.540790588, 0.5382181, 0.5528502799999999]
vbs[0.5149588399999999, 0.51300666, 0.527137894, 0.525722628, 0.51347174, 0.5109366259999999, 0.526797234, 0.508921788, 0.526717254, 0.5292083599999999]
lat[0.5709431, 0.6063636859999999, 0.5725072, 0.581797068, 0.586088086, 0.6029777060000001, 0.5983202459999999, 0.5845905800000001, 0.6001231999999999, 0.583963528]
configs: 60
Avg: 0.5413733128	0.5099010633999999	0.5735493614
bss[0.53809982, 0.543088908, 0.5382181, 0.54374832, 0.5543025, 0.53809982, 0.5382181, 0.54363964, 0.53809982, 0.5382181]
vbs[0.525657894, 0.507852828, 0.505997854, 0.51401312, 0.5094588999999999, 0.508533128, 0.5027848880000001, 0.511027974, 0.5054455, 0.5082385479999999]
lat[0.576139586, 0.559717174, 0.581874346, 0.571154594, 0.60152244, 0.542705474, 0.5630252060000001, 0.6034376000000001, 0.5576429199999999, 0.5782742740000001]
configs: 80
Avg: 0.5399199884000001	0.5089580034	0.5748973206000001
bss[0.543396, 0.543088908, 0.53809982, 0.540790588, 0.5382181, 0.5382181, 0.53809982, 0.53809982, 0.53809982, 0.543088908]
vbs[0.508470514, 0.5017362280000001, 0.509589094, 0.511622268, 0.5071330000000001, 0.5044317079999999, 0.5138100800000001, 0.509253354, 0.5142515, 0.509282288]
lat[0.5859827599999999, 0.5894309, 0.5756249600000001, 0.558252146, 0.61713946, 0.5498746600000001, 0.5593428000000001, 0.5593013, 0.5629317, 0.59109252]
configs: 100
Avg: 0.539823038	0.5090781628000001	0.5732179036
bss[0.54231064, 0.53809982, 0.53809982, 0.5382181, 0.54231064, 0.5382181, 0.54655552, 0.53809982, 0.5382181, 0.53809982]
vbs[0.5083365740000001, 0.523221414, 0.508494774, 0.508934894, 0.5092963279999999, 0.509518614, 0.503601434, 0.5080875140000001, 0.5032582879999999, 0.5080317940000001]
lat[0.566757954, 0.5810202940000001, 0.555662534, 0.5770766, 0.5695557859999999, 0.56520006, 0.5799334740000001, 0.5752361539999999, 0.5866786740000001, 0.575057506]
configs: 120
Avg: 0.5411481640000001	0.5066291407999999	0.5765203671999999
bss[0.543396, 0.53809982, 0.54231064, 0.53809982, 0.5382181, 0.54374832, 0.54380248, 0.54231064, 0.543396, 0.53809982]
vbs[0.508969794, 0.508167288, 0.508094734, 0.505519034, 0.503902908, 0.51309396, 0.5033425739999999, 0.5049796139999999, 0.502518034, 0.507703468]
lat[0.56924694, 0.55587234, 0.584197594, 0.5641754400000001, 0.5597920139999999, 0.616286146, 0.575972806, 0.601988966, 0.555407686, 0.5822637399999999]
configs: 140
Avg: 0.5407223768	0.5052358718	0.5744106882000001
bss[0.54370598, 0.53809982, 0.54231064, 0.53809982, 0.54231064, 0.53809982, 0.540790588, 0.53809982, 0.54231064, 0.543396]
vbs[0.504849434, 0.5091531279999999, 0.504069708, 0.502225028, 0.503550848, 0.504909994, 0.503918348, 0.5058726880000001, 0.503911328, 0.509898214]
lat[0.5778730400000001, 0.547564474, 0.5648385859999999, 0.57055178, 0.568929388, 0.591279646, 0.57838984, 0.56085666, 0.60915932, 0.574664148]
configs: 160
Avg: 0.5389032896000001	0.504266243	0.579525194
bss[0.53809982, 0.53809982, 0.53809982, 0.540790588, 0.5382181, 0.543088908, 0.53809982, 0.5382181, 0.5382181, 0.53809982]
vbs[0.508000148, 0.503695274, 0.503761568, 0.504026908, 0.5018620540000001, 0.501805988, 0.5018635340000001, 0.504311354, 0.508306134, 0.505029468]
lat[0.582979094, 0.5556490000000001, 0.6000567199999999, 0.59115842, 0.57930792, 0.57801932, 0.578651066, 0.5645215, 0.5844236260000001, 0.580485274]
configs: 180
Avg: 0.5396648056	0.5053728044	0.5775532164
bss[0.5382181, 0.540790588, 0.5382181, 0.53809982, 0.5382181, 0.53809982, 0.53809982, 0.540790588, 0.54231064, 0.54380248]
vbs[0.50508208, 0.503646428, 0.503844768, 0.5092431479999999, 0.5077995479999999, 0.503906808, 0.508197994, 0.503637708, 0.5036842880000001, 0.504685274]
lat[0.597816106, 0.5893779, 0.55144634, 0.5881560060000001, 0.5670518, 0.59529604, 0.567867554, 0.5651844259999999, 0.564256026, 0.589079966]
configs: 200
Avg: 0.5384162088	0.5057465444	0.5790963356
bss[0.5382181, 0.53809982, 0.53809982, 0.53809982, 0.53809982, 0.53809982, 0.540790588, 0.5382181, 0.5382181, 0.5382181]
vbs[0.504047754, 0.5078798480000001, 0.504649608, 0.5083953139999999, 0.504588934, 0.504516708, 0.5017362280000001, 0.5095835479999999, 0.504170468, 0.507897034]
lat[0.6041970059999999, 0.586988306, 0.560850694, 0.58236698, 0.5831242459999999, 0.597928414, 0.556865868, 0.571312354, 0.575975488, 0.5713540000000001]
configs: 220
Avg: 0.5386616296000001	0.5040606458	0.584737913
bss[0.53809982, 0.540790588, 0.53809982, 0.53809982, 0.53809982, 0.5382181, 0.53809982, 0.540790588, 0.53809982, 0.5382181]
vbs[0.502235568, 0.503840088, 0.508000414, 0.5037046479999999, 0.504400434, 0.502235568, 0.5021533739999999, 0.508527088, 0.502186068, 0.5033232080000001]
lat[0.590326026, 0.588926346, 0.6090680199999999, 0.565284806, 0.581980814, 0.55234522, 0.5923698799999999, 0.5978176260000001, 0.585145406, 0.584114986]
configs: 240
Avg: 0.5390011240000001	0.5049206704	0.57890794
bss[0.53809982, 0.54231064, 0.5382181, 0.54231064, 0.5382181, 0.5382181, 0.53809982, 0.5382181, 0.53809982, 0.5382181]
vbs[0.502237988, 0.5019677339999999, 0.507818034, 0.508016008, 0.503835568, 0.501865954, 0.5024047140000001, 0.5081514079999999, 0.5079531679999999, 0.504956128]
lat[0.5668325399999999, 0.6137276460000001, 0.5556026860000001, 0.5867507, 0.570006014, 0.58082994, 0.575736586, 0.5764951460000001, 0.5563982679999999, 0.606699874]
configs: 260
Avg: 0.5389892960000001	0.5030190032	0.5775175962000001
bss[0.5382181, 0.53809982, 0.53809982, 0.53809982, 0.5382181, 0.54231064, 0.53809982, 0.5382181, 0.5382181, 0.54231064]
vbs[0.501655868, 0.503550848, 0.508169708, 0.502235568, 0.5018635340000001, 0.503841928, 0.5017271080000001, 0.502016948, 0.5017271080000001, 0.503401414]
lat[0.58636096, 0.5898652600000001, 0.56788408, 0.559298748, 0.6071918000000001, 0.577127766, 0.5804911, 0.570382948, 0.5696778740000001, 0.566895426]
configs: 288
Avg: 0.5383925528000001	0.503778732	0.5804371144
bss[0.53809982, 0.53809982, 0.53809982, 0.53809982, 0.53809982, 0.5382181, 0.53809982, 0.5382181, 0.53809982, 0.540790588]
vbs[0.507590008, 0.5044380079999999, 0.502597788, 0.504341268, 0.502327168, 0.503761568, 0.503255868, 0.503255868, 0.5023053279999999, 0.5039144480000001]
lat[0.547818028, 0.576686634, 0.574474914, 0.5756163799999999, 0.583519946, 0.57819814, 0.6171280860000001, 0.5940444140000001, 0.561012474, 0.595872128]
